0.022
0.001
0.001
0.000
0.001
0.001
0.001
0.008
0.001
0.000
0.000
0.000
0.001
0.001
0.000
0.001
0.001
0.001
0.001
0.001
0.001
0.001
0.003
0.001
0.001
0.001
0.001
0.001
0.001
0.001
0.001
0.002
0.001
0.000
1.002
0.001
0.000
0.001
0.000
1.000
0.001
1.000
0.001
1.000
0.000
0.009
0.001
0.001
0.001
0.001
0.003
0.001
0.001
0.001
0.001
0.001
0.001
0.001
0.001
0.001
0.001
0.001
0.001
0.001
0.002
0.001
0.001
0.001
0.002
0.001
0.001
0.001
0.001
0.001
1.018
1.000
1.003
1.000
1.000
1.000
1.002
1.000
1.000
1.001
1.000
1.000
1.000
1.002
1.000
1.000
0.001
0.001
0.001
0.001
1.000
1.000
1.000
1.021
1.000
1.000
1.001
1.000
1.000
1.000
1.000
1.000
1.000
1.000
1.001
1.000
1.000
1.000
1.000
1.000
1.000
1.000
1.000
1.000
1.000
1.008
